
-1代表到达了文件的末尾

int [0,255] = byte[-128,127]

int [0,127][128,255]
byte[0,127][-128,-1]


int  0   0000 0000 0000 0000 0000 0000   0000 0000  
     1   0000 0000 0000 0000 0000 0000   0000 0001 
     2   0000 0000 0000 0000 0000 0000   0000 0010
     ……
     127 0000 0000 0000 0000 0000 0000   0111 1111     （1 + 2 + 4 + 8 + 16 + 32 + 64 = 127）
     128 0000 0000 0000 0000 0000 0000   1000 0000      128
     129 0000 0000 0000 0000 0000 0000   1000 0001 
     ……
     255 0000 0000 0000 0000 0000 0000   1111 1111 

byte 0  0000 0000
     1  0000 0001
     2  0000 0010
   127  0111 1111 （1 + 2 + 4 + 8 + 16 + 32 + 64 = 127）
  -128  1000 0000
  -127  1000 0001

   ……
   -1   1111 1111





   
 




